filtro 4 imagen hd1 hilos=1
0.226142
0.218537
0.216936
0.213532
0.216549
0.217856
0.221196
0.215179
0.218089
0.221203

filtro 4 imagen hd1 hilos=2
0.113035
0.112141
0.113353
0.114571
0.121372
0.113847
0.115656
0.114939
0.111414
0.115133

filtro 4 imagen hd1 hilos=4
0.066791
0.063760
0.063413
0.062632
0.062505
0.062117
0.061290
0.062844
0.063848
0.063511

filtro 4 imagen hd1 hilos=8
0.052665
0.052372
0.050924
0.052874
0.053717
0.048701
0.051254
0.055952
0.051014
0.053432

filtro 4 imagen hd1 hilos=16
0.031206
0.031573
0.035077
0.038984
0.037651
0.030534
0.035457
0.032319
0.032123
0.029818

filtro 4 imagen fullhd1 hilos=1
0.491327
0.479090
0.487000
0.477508
0.482689
0.485655
0.478210
0.488938
0.478170
0.488882

filtro 4 imagen fullhd1 hilos=2
0.261086
0.253761
0.248189
0.251635
0.268446
0.240877
0.248791
0.250948
0.242169
0.257529

filtro 4 imagen fullhd1 hilos=4
0.128417
0.135530
0.138784
0.129124
0.127807
0.127991
0.127780
0.134512
0.129794
0.128064

filtro 4 imagen fullhd1 hilos=8
0.094578
0.115078
0.110270
0.116273
0.095303
0.096633
0.113271
0.111415
0.113630
0.112459

filtro 4 imagen fullhd1 hilos=16
0.063046
0.063221
0.077242
0.064798
0.061393
0.061426
0.064709
0.063311
0.061517
0.062993

filtro 4 imagen 4k1 hilos=1
1.851969
1.809489
1.842852
1.853739
1.820797
1.855952
1.860427
1.828589
1.817507
1.804562

filtro 4 imagen 4k1 hilos=2
0.928654
0.957427
0.939229
0.961142
0.945219
0.953371
0.932018
0.946503
0.930971
0.951137

filtro 4 imagen 4k1 hilos=4
0.479535
0.486108
0.474296
0.497345
0.484947
0.488705
0.481654
0.490436
0.495649
0.485646

filtro 4 imagen 4k1 hilos=8
0.362436
0.335159
0.369403
0.285948
0.356517
0.305684
0.355084
0.362840
0.389319
0.308352

filtro 4 imagen 4k1 hilos=16
0.227202
0.235146
0.229998
0.239134
0.228307
0.227694
0.245472
0.227780
0.231206
0.250046

filtro 7 imagen hd1 hilos=1
4.310717
4.267355
4.441897
4.341146
4.306810
4.341740
4.301743
4.342494
4.288843
4.335566

filtro 7 imagen hd1 hilos=2
2.208274
2.202489
2.204456
2.182123
2.221680
2.162945
2.224539
2.208224
2.226687
2.171366

filtro 7 imagen hd1 hilos=4
1.141123
1.145314
1.127225
1.130844
1.122847
1.136210
1.137502
1.149167
1.117011
1.124049

filtro 7 imagen hd1 hilos=8
0.703804
0.843620
0.831213
0.603374
0.610468
0.637293
0.625420
0.655935
0.840892
0.640882

filtro 7 imagen hd1 hilos=16
0.533870
0.533248
0.528562
0.532835
0.531243
0.534435
0.533071
0.533820
0.534775
0.541656

filtro 7 imagen fullhd1 hilos=1
9.740510
9.575680
9.680840
9.794869
9.707710
9.575552
9.752412
9.557492
9.634142
9.765940

filtro 7 imagen fullhd1 hilos=2
4.901327
4.984157
4.878158
4.983055
4.956057
4.858787
5.006026
4.900374
4.991665
4.885115

filtro 7 imagen fullhd1 hilos=4
2.556973
2.565464
2.539117
2.544648
2.530727
2.517701
2.535201
2.530012
2.524170
2.541272

filtro 7 imagen fullhd1 hilos=8
1.653050
1.435630
1.304335
1.339806
1.313020
1.333488
1.386017
1.504369
1.379237
1.357078

filtro 7 imagen fullhd1 hilos=16
1.188973
1.191335
1.205864
1.191968
1.192977
1.194128
1.191089
1.190493
1.191655
1.194216

filtro 7 imagen 4k1 hilos=1
39.335542
39.191916
38.634222
38.216797
38.693722
38.300427
38.743894
38.206529
38.197206
38.735438

filtro 7 imagen 4k1 hilos=2
19.848523
19.643252
19.987166
19.495808
19.885119
19.506277
19.523505
19.600376
19.601098
19.555089

filtro 7 imagen 4k1 hilos=4
10.143308
10.118914
10.065132
10.092164
10.141191
10.191815
10.037213
10.537367
10.069550
10.273488

filtro 7 imagen 4k1 hilos=8
5.296202
5.250978
5.238674
5.284336
5.528753
5.397558
5.283795
5.368535
5.255625
5.468882


filtro 7 imagen 4k1 hilos=16
4.837549
4.794065
4.838161
4.792392
4.825354
4.832993
4.795686
4.841359
4.833062
4.837734
