filtro 4 imagen hd1 hilos=1
0.208060
0.209291
0.205233
0.209408
0.208663
0.207501
0.208193
0.210738
0.204444
0.207599

filtro 4 imagen hd1 hilos=2
0.112515
0.112407
0.110098
0.111405
0.117260
0.111047
0.111382
0.111266
0.110740
0.114138

filtro 4 imagen hd1 hilos=4
0.068021
0.060023
0.059726
0.060673
0.060275
0.060246
0.068670
0.060617
0.060636
0.061260

filtro 4 imagen hd1 hilos=8
0.052213
0.033900
0.033865
0.034214
0.033738
0.035594
0.052314
0.035241
0.033978
0.033790

filtro 4 imagen hd1 hilos=16
0.032443
0.035842
0.034278
0.036660
0.032012
0.032689
0.038019
0.035673
0.035365
0.034947

filtro 4 imagen fullhd1 hilos=1
0.473562
0.469705
0.459953
0.462245
0.470157
0.469749
0.467543
0.467015
0.460890
0.469503

filtro 4 imagen fullhd1 hilos=2
0.244936
0.244265
0.242454
0.244645
0.242712
0.242986
0.244618
0.244704
0.244187
0.243799

filtro 4 imagen fullhd1 hilos=4
0.135859
0.133180
0.134125
0.127595
0.134905
0.133128
0.135254
0.128149
0.127606
0.127611

filtro 4 imagen fullhd1 hilos=8
0.068078
0.068572
0.067860
0.068571
0.070315
0.068438
0.069810
0.068214
0.070627
0.068901

filtro 4 imagen fullhd1 hilos=16
0.066006
0.061182
0.067549
0.064566
0.062989
0.062339
0.064721
0.067357
0.064283
0.065403

filtro 4 imagen 4k1 hilos=1
1.807102
1.788569
1.816625
1.822483
1.802962
1.786074
1.805482
1.784614
1.806366
1.787701

filtro 4 imagen 4k1 hilos=2
0.924398
0.925623
0.919184
0.915064
0.925576
0.924926
0.921571
0.913949
0.924300
0.928953

filtro 4 imagen 4k1 hilos=4
0.479392
0.481012
0.483506
0.479198
0.478670
0.482171
0.482081
0.473158
0.471709
0.481678

filtro 4 imagen 4k1 hilos=8
0.246427
0.247545
0.247616
0.247037
0.258969
0.248077
0.247539
0.246991
0.245998
0.246064

filtro 4 imagen 4k1 hilos=16
0.226917
0.226686
0.228241
0.229621
0.230314
0.230517
0.232064
0.228339
0.231926
0.229482

filtro 7 imagen hd1 hilos=1
4.265195
4.215540
4.254354
4.204520
4.220139
4.316861
4.311534
4.283033
4.205288
4.204849

filtro 7 imagen hd1 hilos=2
2.180502
2.181645
2.167403
2.164934
2.169934
2.166449
2.183980
2.180861
2.156990
2.183625

filtro 7 imagen hd1 hilos=4
1.131611
1.136088
1.110991
1.119552
1.123151
1.122075
1.117815
1.117445
1.117344
1.125134

filtro 7 imagen hd1 hilos=8
0.577616
0.576617
0.579925
0.578894
0.578934
0.579222
0.830685
0.582736
0.581053
0.579443

filtro 7 imagen hd1 hilos=16
0.535159
0.534906
0.534398
0.532754
0.536020
0.534359
0.560189
0.602611
0.660087
0.586186

filtro 7 imagen fullhd1 hilos=1
9.733929
9.513144
9.761163
9.718226
9.657993
9.521713
9.649148
9.525883
9.715609
9.710409

filtro 7 imagen fullhd1 hilos=2
4.850184
4.908325
4.907240
4.845221
4.851168
4.910777
4.913788
4.861361
4.837616
4.924391

filtro 7 imagen fullhd1 hilos=4
2.509542
2.558014
2.525142
2.545528
2.517338
2.515123
2.480291
2.516907
2.487533
2.529226

filtro 7 imagen fullhd1 hilos=8
1.326095
1.498432
1.312904
1.656923
1.318538
1.299352
1.313315
1.704974
1.315103
1.302338

filtro 7 imagen fullhd1 hilos=16
1.201875
1.202291
1.200215
1.203953
1.193141
1.191332
1.191043
1.229468
1.189430
1.187087

filtro 7 imagen 4k1 hilos=1
38.801855
38.910543
38.140518
38.143116
38.980266
38.638798
38.166485
39.080756
39.477861
38.533692

filtro 7 imagen 4k1 hilos=2
19.342566
19.652941
19.691820
19.513200
19.596960
19.700795
19.673622
19.673494
19.512541
19.488341

filtro 7 imagen 4k1 hilos=4
10.128334
10.025671
10.092114
10.035444
9.972500
10.177156
10.128280
10.106045
10.055773
10.117157

filtro 7 imagen 4k1 hilos=8
5.201094
5.205098
5.382148
5.340053
5.633008
5.274684
5.282064
5.273509
5.279934
5.241157

filtro 7 imagen 4k1 hilos=16
4.785408
4.781285
4.799910
4.786844
4.797999
4.795878
4.803040
4.799331
4.801231
4.803209