nodos 1
11.190939
11.166365
11.167379
11.159907
11.157312
11.163076
11.145199
11.155581
11.170270
11.163749
nodos 2
9.250059
9.243817
9.247820
9.232649
9.239164
9.242468
9.239191
9.250670
9.358496
9.253555
nodos 3
7.140325
7.130008
7.147219
7.137407
7.122684
7.078826
7.094953
7.137328
7.142296
7.088800
nodos 4
6.155511
6.153696
6.147634
6.042420
6.181788
6.131305
6.150651
6.146466
6.121425
6.119663
nodos 5
5.688854
5.645214
5.688686
5.697076
5.627864
5.693783
5.646224
5.650663
5.650590
5.638974
nodos 6
5.201329
5.215113
5.189640
5.218008
5.135718
5.165703
5.255165
5.181875
5.179971
5.209123
nodos 7
5.487445
5.458204
5.465088
5.456720
5.511481
5.456294
5.439320
5.519847
5.485537
5.474135
nodos 8
4.922628
4.926919
4.908865
4.953717
4.930274
4.996622
4.833010
4.976726
4.917035
4.931945
nodos 9
4.853971
4.869570
4.821599
4.891464
4.824895
4.885255
4.846710
4.891134
4.825149
4.845347